Fitzgerald's Park	(1)
Fitzgerald's Park	(1)
Fitzgerald's Park	(1)
